[gd_scene load_steps=16 format=2]

[ext_resource path="res://Sprite/SPAS/spafd0.png" type="Texture" id=1]
[ext_resource path="res://Sprite/SPAS/spafb0.png" type="Texture" id=2]
[ext_resource path="res://Sprite/SPAS/spafe0.png" type="Texture" id=3]
[ext_resource path="res://Sprite/SPAS/spaff0.png" type="Texture" id=4]
[ext_resource path="res://Sprite/SPAS/spafc0.png" type="Texture" id=5]
[ext_resource path="res://Sprite/Deagle/degge0.png" type="Texture" id=6]
[ext_resource path="res://Scenes/GunDefault.gd" type="Script" id=7]
[ext_resource path="res://Sprite/SPAS/spafa0.png" type="Texture" id=8]
[ext_resource path="res://Sprite/SPAS/spape0.png" type="Texture" id=9]
[ext_resource path="res://Sprite/SPAS/spapc0.png" type="Texture" id=10]
[ext_resource path="res://Sprite/SPAS/spapf0.png" type="Texture" id=11]
[ext_resource path="res://Sprite/SPAS/spapb0.png" type="Texture" id=12]
[ext_resource path="res://Sprite/SPAS/spafg0.png" type="Texture" id=13]
[ext_resource path="res://Sprite/SPAS/spapa0.png" type="Texture" id=14]

[sub_resource type="SpriteFrames" id=1]
animations = [ {
"frames": [ ExtResource( 6 ) ],
"loop": true,
"name": "idle",
"speed": 100.0
}, {
"frames": [ ExtResource( 8 ), ExtResource( 5 ), ExtResource( 2 ), ExtResource( 1 ), ExtResource( 13 ), ExtResource( 3 ), ExtResource( 4 ), ExtResource( 14 ), ExtResource( 12 ), ExtResource( 10 ), ExtResource( 9 ), ExtResource( 11 ) ],
"loop": true,
"name": "shoot",
"speed": 16.0
} ]

[node name="shotgun" type="Spatial"]
script = ExtResource( 7 )

[node name="CanvasLayer" type="CanvasLayer" parent="."]

[node name="Control" type="Control" parent="CanvasLayer"]
anchor_left = 1.0
anchor_top = 1.0
anchor_right = 1.0
anchor_bottom = 1.0
margin_left = -40.0
margin_top = -40.0

[node name="GunSprite" type="AnimatedSprite" parent="CanvasLayer/Control"]
position = Vector2( -377, 41 )
rotation = 3.14159
scale = Vector2( 2, 2 )
frames = SubResource( 1 )
animation = "shoot"
frame = 2
playing = true
centered = false
flip_h = true
flip_v = true

[node name="GunRays" type="Spatial" parent="."]

[node name="RayCast" type="RayCast" parent="GunRays"]
transform = Transform( 0.992546, -0.0127388, -0.121202, 0, 0.994522, -0.104528, 0.121869, 0.103749, 0.987109, 0, 0, 0 )
enabled = true
cast_to = Vector3( 0, 0, -10 )

[node name="RayCast2" type="RayCast" parent="GunRays"]
transform = Transform( 0.992546, 0.0169609, 0.120683, 0, 0.990268, -0.139173, -0.121869, 0.138136, 0.982887, 0, 0, 0 )
enabled = true
cast_to = Vector3( 0, 0, -13 )

[node name="RayCast3" type="RayCast" parent="GunRays"]
transform = Transform( 0.994522, 0, -0.104528, 0, 1, 0, 0.104528, 0, 0.994522, 0, 0, 0 )
enabled = true
cast_to = Vector3( 0, 0, -10 )

[node name="RayCast4" type="RayCast" parent="GunRays"]
transform = Transform( 0.992546, -0.00425318, -0.121795, 0, 0.999391, -0.0348995, 0.121869, 0.0346394, 0.991942, 0, 0, 0 )
enabled = true
cast_to = Vector3( 0, 0, -14 )

[node name="RayCast5" type="RayCast" parent="GunRays"]
transform = Transform( 1, 0, 0, 0, 0.997564, 0.0697565, 0, -0.0697565, 0.997564, 0, 0, 0 )
enabled = true
cast_to = Vector3( 0, 0, -10 )

[node name="RayCast6" type="RayCast" parent="GunRays"]
transform = Transform( 0.992546, 0.00531587, 0.121753, 0, 0.999048, -0.0436194, -0.121869, 0.0432943, 0.991601, 0, 0, 0 )
enabled = true
cast_to = Vector3( 0, 0, -17 )

[node name="RayCast7" type="RayCast" parent="GunRays"]
transform = Transform( 1, 0, 0, 0, 0.996195, -0.0871557, 0, 0.0871557, 0.996195, 0, 0, 0 )
enabled = true
cast_to = Vector3( 0, 0, -10 )

[node name="RayCast8" type="RayCast" parent="GunRays"]
transform = Transform( 1, 0, 0, 0, 0.990268, -0.139173, 0, 0.139173, 0.990268, 0, 0, 0 )
enabled = true
cast_to = Vector3( 0, 0, -15 )
