[gd_scene load_steps=14 format=2]

[ext_resource path="res://Sprite/Doom3SSG/SPRITES/ssg3b0.png" type="Texture" id=1]
[ext_resource path="res://Sprite/Doom3SSG/SPRITES/ssg3e0.png" type="Texture" id=2]
[ext_resource path="res://Sprite/Doom3SSG/SPRITES/ssg3k0.png" type="Texture" id=3]
[ext_resource path="res://Sprite/Doom3SSG/SPRITES/ssg3g0.png" type="Texture" id=4]
[ext_resource path="res://Sprite/Doom3SSG/SPRITES/ssg3i0.png" type="Texture" id=5]
[ext_resource path="res://Sprite/Doom3SSG/SPRITES/ssg3a0.png" type="Texture" id=6]
[ext_resource path="res://Scenes/SHOTGUN.gd" type="Script" id=7]
[ext_resource path="res://Sprite/Doom3SSG/SPRITES/ssg3l0.png" type="Texture" id=8]
[ext_resource path="res://Sprite/Doom3SSG/SPRITES/ssg3h0.png" type="Texture" id=9]
[ext_resource path="res://Sprite/Doom3SSG/SPRITES/ssg3f0.png" type="Texture" id=10]
[ext_resource path="res://Sprite/Doom3SSG/SPRITES/ssg3c0.png" type="Texture" id=11]
[ext_resource path="res://Sprite/Doom3SSG/SPRITES/ssg3d0.png" type="Texture" id=12]

[sub_resource type="SpriteFrames" id=1]
animations = [ {
"frames": [ ExtResource( 1 ), ExtResource( 1 ), ExtResource( 11 ), ExtResource( 11 ), ExtResource( 12 ), ExtResource( 12 ), ExtResource( 2 ), ExtResource( 10 ), ExtResource( 4 ), ExtResource( 9 ), ExtResource( 5 ), ExtResource( 5 ), ExtResource( 6 ), ExtResource( 6 ) ],
"loop": true,
"name": "reload",
"speed": 6.0
}, {
"frames": [ ExtResource( 6 ) ],
"loop": true,
"name": "idle",
"speed": 100.0
}, {
"frames": [ ExtResource( 8 ), ExtResource( 3 ), ExtResource( 3 ) ],
"loop": true,
"name": "shoot",
"speed": 12.0
} ]

[node name="shotgun" type="Spatial"]
script = ExtResource( 7 )

[node name="CanvasLayer" type="CanvasLayer" parent="."]

[node name="Control" type="Control" parent="CanvasLayer"]
anchor_left = 1.0
anchor_top = 1.0
anchor_right = 1.0
anchor_bottom = 1.0
margin_left = -40.0
margin_top = -40.0

[node name="GunSprite" type="AnimatedSprite" parent="CanvasLayer/Control"]
position = Vector2( -170, 43 )
rotation = 3.14159
scale = Vector2( 2, 2 )
frames = SubResource( 1 )
animation = "reload"
frame = 13
playing = true
centered = false
flip_h = true
flip_v = true

[node name="GunRays" type="Spatial" parent="."]

[node name="RayCast" type="RayCast" parent="GunRays"]
transform = Transform( 0.997564, -0.00486597, -0.0695866, 0, 0.997564, -0.0697565, 0.0697565, 0.0695866, 0.995134, 0, 0, 0 )
enabled = true
cast_to = Vector3( 0, 0, -10 )

[node name="RayCast2" type="RayCast" parent="GunRays"]
transform = Transform( 1, 0, 0, 0, 0.999391, -0.0348995, 0, 0.0348995, 0.999391, 0, 0, 0 )
enabled = true
cast_to = Vector3( 0, 0, -13 )

[node name="RayCast3" type="RayCast" parent="GunRays"]
transform = Transform( 0.999391, 0, -0.0348995, 0, 1, 0, 0.0348995, 0, 0.999391, 0, 0, 0 )
enabled = true
cast_to = Vector3( 0, 0, -10 )

[node name="RayCast4" type="RayCast" parent="GunRays"]
transform = Transform( 0.996195, -0.00304169, -0.0871027, 0, 0.999391, -0.0348995, 0.0871557, 0.0347667, 0.995588, 0, 0, 0 )
enabled = true
cast_to = Vector3( 0, 0, -14 )

[node name="RayCast5" type="RayCast" parent="GunRays"]
transform = Transform( 1, 0, 0, 0, 0.998629, 0.052336, 0, -0.052336, 0.998629, 0, 0, 0 )
enabled = true
cast_to = Vector3( 0, 0, -10 )

[node name="RayCast6" type="RayCast" parent="GunRays"]
transform = Transform( 0.99824, 0.00258691, 0.0592499, 0, 0.999048, -0.0436194, -0.0593064, 0.0435426, 0.997289, 0, 0, 0 )
enabled = true
cast_to = Vector3( 0, 0, -17 )

[node name="RayCast7" type="RayCast" parent="GunRays"]
transform = Transform( 0.999945, 0.000639287, 0.0104523, 0, 0.998135, -0.0610486, -0.0104718, 0.0610452, 0.99808, 0, 0, 0 )
enabled = true
cast_to = Vector3( 0, 0, -10 )

[node name="RayCast8" type="RayCast" parent="GunRays"]
transform = Transform( 0.999816, -0.000770428, -0.019182, 0, 0.999194, -0.0401318, 0.0191974, 0.0401244, 0.99901, 0, 0, 0 )
enabled = true
cast_to = Vector3( 0, 0, -15 )

[node name="Timer" type="Timer" parent="."]

[connection signal="timeout" from="Timer" to="." method="_on_Timer_timeout"]
